766.025 43 131 186 255
931.237 60 143 182 255
1096.45 78 155 179 255
1261.66 95 168 176 255
1426.87 113 180 173 255
1592.09 131 193 170 255
1757.3 148 205 167 255
1922.51 166 217 164 255
2087.72 179 224 166 255
2252.94 191 229 170 255
2418.15 202 233 174 255
2583.36 214 238 177 255
2748.57 226 243 181 255
2913.78 237 247 185 255
3079 249 252 189 255
3244.21 254 249 184 255
3409.42 254 238 171 255
3574.63 254 227 158 255
3739.85 254 215 145 255
3905.06 253 204 132 255
4070.27 253 193 119 255
4235.48 253 182 106 255
4400.69 251 168 94 255
4565.91 246 148 85 255
4731.12 241 127 75 255
4896.33 235 107 66 255
5061.54 230 86 56 255
5226.76 225 66 47 255
5391.97 220 45 37 255
5557.18 215 25 28 255
nv white
