5834.24 43 131 186 255 
11720.6 60 143 182 255 
17607.1 78 155 179 255 
23493.5 95 168 176 255 
29379.9 113 180 173 255 
35266.3 131 193 170 255 
41152.7 148 205 167 255 
47039.1 166 217 164 255 
52925.5 179 224 166 255 
58811.9 191 229 170 255 
64698.3 202 233 174 255 
70584.7 214 238 177 255 
76471.1 226 243 181 255 
82357.5 237 247 185 255 
88243.9 249 252 189 255 
94130.3 254 249 184 255 
100017 254 238 171 255 
105903 254 227 158 255 
111790 254 215 145 255 
117676 253 204 132 255 
123562 253 193 119 255 
129449 253 182 106 255 
135335 251 168 94 255 
141222 246 148 85 255 
147108 241 127 75 255 
152994 235 107 66 255 
158881 230 86 56 255 
164767 225 66 47 255 
170654 220 45 37 255 
176540 215 25 28 255 
nv white
