0 43 131 186 255
92.2348 60 143 182 255
184.47 78 155 179 255
276.704 95 168 176 255
368.939 113 180 173 255
461.174 131 193 170 255
553.409 148 205 167 255
645.644 166 217 164 255
737.879 179 224 166 255
830.113 191 229 170 255
922.348 202 233 174 255
1014.58 214 238 177 255
1106.82 226 243 181 255
1199.05 237 247 185 255
1291.29 249 252 189 255
1383.52 254 249 184 255
1475.76 254 238 171 255
1567.99 254 227 158 255
1660.23 254 215 145 255
1752.46 253 204 132 255
1844.7 253 193 119 255
1936.93 253 182 106 255
2029.17 251 168 94 255
2121.4 246 148 85 255
2213.64 241 127 75 255
2305.87 235 107 66 255
2398.11 230 86 56 255
2490.34 225 66 47 255
2582.58 220 45 37 255
2674.81 215 25 28 255
nv white
