0 43 131 186 255
5810.79 60 143 182 255
11621.6 78 155 179 255
17432.4 95 168 176 255
23243.2 113 180 173 255
29054 131 193 170 255
34864.8 148 205 167 255
40675.6 166 217 164 255
46486.3 179 224 166 255
52297.1 191 229 170 255
58107.9 202 233 174 255
63918.7 214 238 177 255
69729.5 226 243 181 255
75540.3 237 247 185 255
81351.1 249 252 189 255
87161.9 254 249 184 255
92972.7 254 238 171 255
98783.5 254 227 158 255
104594 254 215 145 255
110405 253 204 132 255
116216 253 193 119 255
122027 253 182 106 255
127837 251 168 94 255
133648 246 148 85 255
139459 241 127 75 255
145270 235 107 66 255
151081 230 86 56 255
156891 225 66 47 255
162702 220 45 37 255
168513 215 25 28 255
nv white
