1105.11 43 131 186 255 
1669.93 60 143 182 255 
2234.74 78 155 179 255 
2799.56 95 168 176 255 
3364.38 113 180 173 255 
3929.19 131 193 170 255 
4494.01 148 205 167 255 
5058.83 166 217 164 255 
5623.65 179 224 166 255 
6188.46 191 229 170 255 
6753.28 202 233 174 255 
7318.1 214 238 177 255 
7882.91 226 243 181 255 
8447.73 237 247 185 255 
9012.55 249 252 189 255 
9577.36 254 249 184 255 
10142.2 254 238 171 255 
10707 254 227 158 255 
11271.8 254 215 145 255 
11836.6 253 204 132 255 
12401.4 253 193 119 255 
12966.3 253 182 106 255 
13531.1 251 168 94 255 
14095.9 246 148 85 255 
14660.7 241 127 75 255 
15225.5 235 107 66 255 
15790.3 230 86 56 255 
16355.2 225 66 47 255 
16920 220 45 37 255 
17484.8 215 25 28 255 
nv white
