0 43 131 186 255 
3057 60 143 182 255 
6114.01 78 155 179 255 
9171.01 95 168 176 255 
12228 113 180 173 255 
15285 131 193 170 255 
18342 148 205 167 255 
21399 166 217 164 255 
24456 179 224 166 255 
27513 191 229 170 255 
30570 202 233 174 255 
33627 214 238 177 255 
36684 226 243 181 255 
39741 237 247 185 255 
42798 249 252 189 255 
45855.1 254 249 184 255 
48912.1 254 238 171 255 
51969.1 254 227 158 255 
55026.1 254 215 145 255 
58083.1 253 204 132 255 
61140.1 253 193 119 255 
64197.1 253 182 106 255 
67254.1 251 168 94 255 
70311.1 246 148 85 255 
73368.1 241 127 75 255 
76425.1 235 107 66 255 
79482.1 230 86 56 255 
82539.1 225 66 47 255 
85596.1 220 45 37 255 
88653.1 215 25 28 255 
nv white
