0 43 131 186 255 
162.387 60 143 182 255 
324.773 78 155 179 255 
487.16 95 168 176 255 
649.546 113 180 173 255 
811.933 131 193 170 255 
974.319 148 205 167 255 
1136.71 166 217 164 255 
1299.09 179 224 166 255 
1461.48 191 229 170 255 
1623.87 202 233 174 255 
1786.25 214 238 177 255 
1948.64 226 243 181 255 
2111.03 237 247 185 255 
2273.41 249 252 189 255 
2435.8 254 249 184 255 
2598.18 254 238 171 255 
2760.57 254 227 158 255 
2922.96 254 215 145 255 
3085.34 253 204 132 255 
3247.73 253 193 119 255 
3410.12 253 182 106 255 
3572.5 251 168 94 255 
3734.89 246 148 85 255 
3897.28 241 127 75 255 
4059.66 235 107 66 255 
4222.05 230 86 56 255 
4384.44 225 66 47 255 
4546.82 220 45 37 255 
4709.21 215 25 28 255 
nv white
