537.372 43 131 186 255 
748.147 60 143 182 255 
958.922 78 155 179 255 
1169.7 95 168 176 255 
1380.47 113 180 173 255 
1591.25 131 193 170 255 
1802.02 148 205 167 255 
2012.8 166 217 164 255 
2223.57 179 224 166 255 
2434.35 191 229 170 255 
2645.12 202 233 174 255 
2855.9 214 238 177 255 
3066.67 226 243 181 255 
3277.45 237 247 185 255 
3488.22 249 252 189 255 
3699 254 249 184 255 
3909.77 254 238 171 255 
4120.55 254 227 158 255 
4331.32 254 215 145 255 
4542.1 253 204 132 255 
4752.87 253 193 119 255 
4963.65 253 182 106 255 
5174.42 251 168 94 255 
5385.2 246 148 85 255 
5595.97 241 127 75 255 
5806.75 235 107 66 255 
6017.52 230 86 56 255 
6228.3 225 66 47 255 
6439.07 220 45 37 255 
6649.85 215 25 28 255 
nv white
