613.75 43 131 186 255 
1189.2 60 143 182 255 
1764.64 78 155 179 255 
2340.09 95 168 176 255 
2915.54 113 180 173 255 
3490.98 131 193 170 255 
4066.43 148 205 167 255 
4641.88 166 217 164 255 
5217.32 179 224 166 255 
5792.77 191 229 170 255 
6368.22 202 233 174 255 
6943.66 214 238 177 255 
7519.11 226 243 181 255 
8094.56 237 247 185 255 
8670 249 252 189 255 
9245.45 254 249 184 255 
9820.89 254 238 171 255 
10396.3 254 227 158 255 
10971.8 254 215 145 255 
11547.2 253 204 132 255 
12122.7 253 193 119 255 
12698.1 253 182 106 255 
13273.6 251 168 94 255 
13849 246 148 85 255 
14424.5 241 127 75 255 
14999.9 235 107 66 255 
15575.4 230 86 56 255 
16150.8 225 66 47 255 
16726.3 220 45 37 255 
17301.7 215 25 28 255 
nv white
