0 43 131 186 255 
523.99 60 143 182 255 
1047.98 78 155 179 255 
1571.97 95 168 176 255 
2095.96 113 180 173 255 
2619.95 131 193 170 255 
3143.94 148 205 167 255 
3667.93 166 217 164 255 
4191.92 179 224 166 255 
4715.91 191 229 170 255 
5239.9 202 233 174 255 
5763.89 214 238 177 255 
6287.88 226 243 181 255 
6811.87 237 247 185 255 
7335.86 249 252 189 255 
7859.84 254 249 184 255 
8383.83 254 238 171 255 
8907.82 254 227 158 255 
9431.81 254 215 145 255 
9955.8 253 204 132 255 
10479.8 253 193 119 255 
11003.8 253 182 106 255 
11527.8 251 168 94 255 
12051.8 246 148 85 255 
12575.8 241 127 75 255 
13099.7 235 107 66 255 
13623.7 230 86 56 255 
14147.7 225 66 47 255 
14671.7 220 45 37 255 
15195.7 215 25 28 255 
nv white
